{
 "cells": [
  {
   "cell_type": "markdown",
   "id": "802a218a",
   "metadata": {},
   "source": [
    "# Topic : \n",
    "# 1.DatetimeIndex\n",
    "# 2.Resampling"
   ]
  },
  {
   "cell_type": "code",
   "execution_count": 1,
   "id": "66869b71",
   "metadata": {},
   "outputs": [
    {
     "data": {
      "text/html": [
       "<div>\n",
       "<style scoped>\n",
       "    .dataframe tbody tr th:only-of-type {\n",
       "        vertical-align: middle;\n",
       "    }\n",
       "\n",
       "    .dataframe tbody tr th {\n",
       "        vertical-align: top;\n",
       "    }\n",
       "\n",
       "    .dataframe thead th {\n",
       "        text-align: right;\n",
       "    }\n",
       "</style>\n",
       "<table border=\"1\" class=\"dataframe\">\n",
       "  <thead>\n",
       "    <tr style=\"text-align: right;\">\n",
       "      <th></th>\n",
       "      <th>Date</th>\n",
       "      <th>Close/Last</th>\n",
       "      <th>Volume</th>\n",
       "      <th>Open</th>\n",
       "      <th>High</th>\n",
       "      <th>Low</th>\n",
       "    </tr>\n",
       "  </thead>\n",
       "  <tbody>\n",
       "    <tr>\n",
       "      <th>0</th>\n",
       "      <td>09/09/2021</td>\n",
       "      <td>$154.07</td>\n",
       "      <td>57305730</td>\n",
       "      <td>$155.49</td>\n",
       "      <td>$156.11</td>\n",
       "      <td>$153.95</td>\n",
       "    </tr>\n",
       "    <tr>\n",
       "      <th>1</th>\n",
       "      <td>09/08/2021</td>\n",
       "      <td>$155.11</td>\n",
       "      <td>74420210</td>\n",
       "      <td>$156.98</td>\n",
       "      <td>$157.04</td>\n",
       "      <td>$153.975</td>\n",
       "    </tr>\n",
       "    <tr>\n",
       "      <th>2</th>\n",
       "      <td>09/07/2021</td>\n",
       "      <td>$156.69</td>\n",
       "      <td>82278260</td>\n",
       "      <td>$154.97</td>\n",
       "      <td>$157.26</td>\n",
       "      <td>$154.39</td>\n",
       "    </tr>\n",
       "    <tr>\n",
       "      <th>3</th>\n",
       "      <td>09/03/2021</td>\n",
       "      <td>$154.3</td>\n",
       "      <td>57866070</td>\n",
       "      <td>$153.76</td>\n",
       "      <td>$154.63</td>\n",
       "      <td>$153.09</td>\n",
       "    </tr>\n",
       "    <tr>\n",
       "      <th>4</th>\n",
       "      <td>09/02/2021</td>\n",
       "      <td>$153.65</td>\n",
       "      <td>71171320</td>\n",
       "      <td>$153.87</td>\n",
       "      <td>$154.72</td>\n",
       "      <td>$152.4</td>\n",
       "    </tr>\n",
       "    <tr>\n",
       "      <th>5</th>\n",
       "      <td>09/01/2021</td>\n",
       "      <td>$152.51</td>\n",
       "      <td>80313710</td>\n",
       "      <td>$152.83</td>\n",
       "      <td>$154.98</td>\n",
       "      <td>$152.34</td>\n",
       "    </tr>\n",
       "    <tr>\n",
       "      <th>6</th>\n",
       "      <td>08/31/2021</td>\n",
       "      <td>$151.83</td>\n",
       "      <td>86453120</td>\n",
       "      <td>$152.66</td>\n",
       "      <td>$152.8</td>\n",
       "      <td>$151.29</td>\n",
       "    </tr>\n",
       "    <tr>\n",
       "      <th>7</th>\n",
       "      <td>08/30/2021</td>\n",
       "      <td>$153.12</td>\n",
       "      <td>90956720</td>\n",
       "      <td>$149</td>\n",
       "      <td>$153.49</td>\n",
       "      <td>$148.61</td>\n",
       "    </tr>\n",
       "    <tr>\n",
       "      <th>8</th>\n",
       "      <td>08/27/2021</td>\n",
       "      <td>$148.6</td>\n",
       "      <td>55802390</td>\n",
       "      <td>$147.48</td>\n",
       "      <td>$148.75</td>\n",
       "      <td>$146.83</td>\n",
       "    </tr>\n",
       "    <tr>\n",
       "      <th>9</th>\n",
       "      <td>08/26/2021</td>\n",
       "      <td>$147.54</td>\n",
       "      <td>48597200</td>\n",
       "      <td>$148.35</td>\n",
       "      <td>$149.12</td>\n",
       "      <td>$147.51</td>\n",
       "    </tr>\n",
       "    <tr>\n",
       "      <th>10</th>\n",
       "      <td>08/25/2021</td>\n",
       "      <td>$148.36</td>\n",
       "      <td>58991300</td>\n",
       "      <td>$149.81</td>\n",
       "      <td>$150.32</td>\n",
       "      <td>$147.8</td>\n",
       "    </tr>\n",
       "    <tr>\n",
       "      <th>11</th>\n",
       "      <td>08/24/2021</td>\n",
       "      <td>$149.62</td>\n",
       "      <td>48606430</td>\n",
       "      <td>$149.45</td>\n",
       "      <td>$150.86</td>\n",
       "      <td>$149.15</td>\n",
       "    </tr>\n",
       "    <tr>\n",
       "      <th>12</th>\n",
       "      <td>08/23/2021</td>\n",
       "      <td>$149.71</td>\n",
       "      <td>60131810</td>\n",
       "      <td>$148.31</td>\n",
       "      <td>$150.19</td>\n",
       "      <td>$147.89</td>\n",
       "    </tr>\n",
       "    <tr>\n",
       "      <th>13</th>\n",
       "      <td>08/20/2021</td>\n",
       "      <td>$148.19</td>\n",
       "      <td>60549630</td>\n",
       "      <td>$147.44</td>\n",
       "      <td>$148.5</td>\n",
       "      <td>$146.78</td>\n",
       "    </tr>\n",
       "    <tr>\n",
       "      <th>14</th>\n",
       "      <td>08/19/2021</td>\n",
       "      <td>$146.7</td>\n",
       "      <td>86960310</td>\n",
       "      <td>$145.03</td>\n",
       "      <td>$148</td>\n",
       "      <td>$144.5</td>\n",
       "    </tr>\n",
       "    <tr>\n",
       "      <th>15</th>\n",
       "      <td>08/18/2021</td>\n",
       "      <td>$146.36</td>\n",
       "      <td>86325990</td>\n",
       "      <td>$149.8</td>\n",
       "      <td>$150.72</td>\n",
       "      <td>$146.15</td>\n",
       "    </tr>\n",
       "    <tr>\n",
       "      <th>16</th>\n",
       "      <td>08/17/2021</td>\n",
       "      <td>$150.19</td>\n",
       "      <td>92229740</td>\n",
       "      <td>$150.23</td>\n",
       "      <td>$151.68</td>\n",
       "      <td>$149.09</td>\n",
       "    </tr>\n",
       "    <tr>\n",
       "      <th>17</th>\n",
       "      <td>08/16/2021</td>\n",
       "      <td>$151.12</td>\n",
       "      <td>103558800</td>\n",
       "      <td>$148.535</td>\n",
       "      <td>$151.19</td>\n",
       "      <td>$146.47</td>\n",
       "    </tr>\n",
       "    <tr>\n",
       "      <th>18</th>\n",
       "      <td>08/13/2021</td>\n",
       "      <td>$149.1</td>\n",
       "      <td>59375010</td>\n",
       "      <td>$148.97</td>\n",
       "      <td>$149.4444</td>\n",
       "      <td>$148.27</td>\n",
       "    </tr>\n",
       "    <tr>\n",
       "      <th>19</th>\n",
       "      <td>08/12/2021</td>\n",
       "      <td>$148.89</td>\n",
       "      <td>73779110</td>\n",
       "      <td>$146.19</td>\n",
       "      <td>$149.05</td>\n",
       "      <td>$145.84</td>\n",
       "    </tr>\n",
       "    <tr>\n",
       "      <th>20</th>\n",
       "      <td>08/11/2021</td>\n",
       "      <td>$145.86</td>\n",
       "      <td>48493460</td>\n",
       "      <td>$146.05</td>\n",
       "      <td>$146.72</td>\n",
       "      <td>$145.53</td>\n",
       "    </tr>\n",
       "    <tr>\n",
       "      <th>21</th>\n",
       "      <td>08/10/2021</td>\n",
       "      <td>$145.6</td>\n",
       "      <td>69023080</td>\n",
       "      <td>$146.44</td>\n",
       "      <td>$147.71</td>\n",
       "      <td>$145.3</td>\n",
       "    </tr>\n",
       "  </tbody>\n",
       "</table>\n",
       "</div>"
      ],
      "text/plain": [
       "          Date Close/Last     Volume      Open       High       Low\n",
       "0   09/09/2021    $154.07   57305730   $155.49    $156.11   $153.95\n",
       "1   09/08/2021    $155.11   74420210   $156.98    $157.04  $153.975\n",
       "2   09/07/2021    $156.69   82278260   $154.97    $157.26   $154.39\n",
       "3   09/03/2021     $154.3   57866070   $153.76    $154.63   $153.09\n",
       "4   09/02/2021    $153.65   71171320   $153.87    $154.72    $152.4\n",
       "5   09/01/2021    $152.51   80313710   $152.83    $154.98   $152.34\n",
       "6   08/31/2021    $151.83   86453120   $152.66     $152.8   $151.29\n",
       "7   08/30/2021    $153.12   90956720      $149    $153.49   $148.61\n",
       "8   08/27/2021     $148.6   55802390   $147.48    $148.75   $146.83\n",
       "9   08/26/2021    $147.54   48597200   $148.35    $149.12   $147.51\n",
       "10  08/25/2021    $148.36   58991300   $149.81    $150.32    $147.8\n",
       "11  08/24/2021    $149.62   48606430   $149.45    $150.86   $149.15\n",
       "12  08/23/2021    $149.71   60131810   $148.31    $150.19   $147.89\n",
       "13  08/20/2021    $148.19   60549630   $147.44     $148.5   $146.78\n",
       "14  08/19/2021     $146.7   86960310   $145.03       $148    $144.5\n",
       "15  08/18/2021    $146.36   86325990    $149.8    $150.72   $146.15\n",
       "16  08/17/2021    $150.19   92229740   $150.23    $151.68   $149.09\n",
       "17  08/16/2021    $151.12  103558800  $148.535    $151.19   $146.47\n",
       "18  08/13/2021     $149.1   59375010   $148.97  $149.4444   $148.27\n",
       "19  08/12/2021    $148.89   73779110   $146.19    $149.05   $145.84\n",
       "20  08/11/2021    $145.86   48493460   $146.05    $146.72   $145.53\n",
       "21  08/10/2021     $145.6   69023080   $146.44    $147.71    $145.3"
      ]
     },
     "execution_count": 1,
     "metadata": {},
     "output_type": "execute_result"
    }
   ],
   "source": [
    "import pandas as pd\n",
    "df = pd.read_csv(\"data.csv\")\n",
    "df"
   ]
  },
  {
   "cell_type": "code",
   "execution_count": null,
   "id": "1f7b5538",
   "metadata": {},
   "outputs": [],
   "source": []
  },
  {
   "cell_type": "code",
   "execution_count": 2,
   "id": "3ecfe382",
   "metadata": {},
   "outputs": [
    {
     "data": {
      "text/plain": [
       "Date          object\n",
       "Close/Last    object\n",
       "Volume         int64\n",
       "Open          object\n",
       "High          object\n",
       "Low           object\n",
       "dtype: object"
      ]
     },
     "execution_count": 2,
     "metadata": {},
     "output_type": "execute_result"
    }
   ],
   "source": [
    "df.dtypes"
   ]
  },
  {
   "cell_type": "code",
   "execution_count": 3,
   "id": "d49c8179",
   "metadata": {},
   "outputs": [
    {
     "data": {
      "text/html": [
       "<div>\n",
       "<style scoped>\n",
       "    .dataframe tbody tr th:only-of-type {\n",
       "        vertical-align: middle;\n",
       "    }\n",
       "\n",
       "    .dataframe tbody tr th {\n",
       "        vertical-align: top;\n",
       "    }\n",
       "\n",
       "    .dataframe thead th {\n",
       "        text-align: right;\n",
       "    }\n",
       "</style>\n",
       "<table border=\"1\" class=\"dataframe\">\n",
       "  <thead>\n",
       "    <tr style=\"text-align: right;\">\n",
       "      <th></th>\n",
       "      <th>Date</th>\n",
       "      <th>Close/Last</th>\n",
       "      <th>Volume</th>\n",
       "      <th>Open</th>\n",
       "      <th>High</th>\n",
       "      <th>Low</th>\n",
       "    </tr>\n",
       "  </thead>\n",
       "  <tbody>\n",
       "    <tr>\n",
       "      <th>0</th>\n",
       "      <td>2021-09-09</td>\n",
       "      <td>$154.07</td>\n",
       "      <td>57305730</td>\n",
       "      <td>$155.49</td>\n",
       "      <td>$156.11</td>\n",
       "      <td>$153.95</td>\n",
       "    </tr>\n",
       "    <tr>\n",
       "      <th>1</th>\n",
       "      <td>2021-09-08</td>\n",
       "      <td>$155.11</td>\n",
       "      <td>74420210</td>\n",
       "      <td>$156.98</td>\n",
       "      <td>$157.04</td>\n",
       "      <td>$153.975</td>\n",
       "    </tr>\n",
       "    <tr>\n",
       "      <th>2</th>\n",
       "      <td>2021-09-07</td>\n",
       "      <td>$156.69</td>\n",
       "      <td>82278260</td>\n",
       "      <td>$154.97</td>\n",
       "      <td>$157.26</td>\n",
       "      <td>$154.39</td>\n",
       "    </tr>\n",
       "    <tr>\n",
       "      <th>3</th>\n",
       "      <td>2021-09-03</td>\n",
       "      <td>$154.3</td>\n",
       "      <td>57866070</td>\n",
       "      <td>$153.76</td>\n",
       "      <td>$154.63</td>\n",
       "      <td>$153.09</td>\n",
       "    </tr>\n",
       "    <tr>\n",
       "      <th>4</th>\n",
       "      <td>2021-09-02</td>\n",
       "      <td>$153.65</td>\n",
       "      <td>71171320</td>\n",
       "      <td>$153.87</td>\n",
       "      <td>$154.72</td>\n",
       "      <td>$152.4</td>\n",
       "    </tr>\n",
       "    <tr>\n",
       "      <th>5</th>\n",
       "      <td>2021-09-01</td>\n",
       "      <td>$152.51</td>\n",
       "      <td>80313710</td>\n",
       "      <td>$152.83</td>\n",
       "      <td>$154.98</td>\n",
       "      <td>$152.34</td>\n",
       "    </tr>\n",
       "    <tr>\n",
       "      <th>6</th>\n",
       "      <td>2021-08-31</td>\n",
       "      <td>$151.83</td>\n",
       "      <td>86453120</td>\n",
       "      <td>$152.66</td>\n",
       "      <td>$152.8</td>\n",
       "      <td>$151.29</td>\n",
       "    </tr>\n",
       "    <tr>\n",
       "      <th>7</th>\n",
       "      <td>2021-08-30</td>\n",
       "      <td>$153.12</td>\n",
       "      <td>90956720</td>\n",
       "      <td>$149</td>\n",
       "      <td>$153.49</td>\n",
       "      <td>$148.61</td>\n",
       "    </tr>\n",
       "    <tr>\n",
       "      <th>8</th>\n",
       "      <td>2021-08-27</td>\n",
       "      <td>$148.6</td>\n",
       "      <td>55802390</td>\n",
       "      <td>$147.48</td>\n",
       "      <td>$148.75</td>\n",
       "      <td>$146.83</td>\n",
       "    </tr>\n",
       "    <tr>\n",
       "      <th>9</th>\n",
       "      <td>2021-08-26</td>\n",
       "      <td>$147.54</td>\n",
       "      <td>48597200</td>\n",
       "      <td>$148.35</td>\n",
       "      <td>$149.12</td>\n",
       "      <td>$147.51</td>\n",
       "    </tr>\n",
       "    <tr>\n",
       "      <th>10</th>\n",
       "      <td>2021-08-25</td>\n",
       "      <td>$148.36</td>\n",
       "      <td>58991300</td>\n",
       "      <td>$149.81</td>\n",
       "      <td>$150.32</td>\n",
       "      <td>$147.8</td>\n",
       "    </tr>\n",
       "    <tr>\n",
       "      <th>11</th>\n",
       "      <td>2021-08-24</td>\n",
       "      <td>$149.62</td>\n",
       "      <td>48606430</td>\n",
       "      <td>$149.45</td>\n",
       "      <td>$150.86</td>\n",
       "      <td>$149.15</td>\n",
       "    </tr>\n",
       "    <tr>\n",
       "      <th>12</th>\n",
       "      <td>2021-08-23</td>\n",
       "      <td>$149.71</td>\n",
       "      <td>60131810</td>\n",
       "      <td>$148.31</td>\n",
       "      <td>$150.19</td>\n",
       "      <td>$147.89</td>\n",
       "    </tr>\n",
       "    <tr>\n",
       "      <th>13</th>\n",
       "      <td>2021-08-20</td>\n",
       "      <td>$148.19</td>\n",
       "      <td>60549630</td>\n",
       "      <td>$147.44</td>\n",
       "      <td>$148.5</td>\n",
       "      <td>$146.78</td>\n",
       "    </tr>\n",
       "    <tr>\n",
       "      <th>14</th>\n",
       "      <td>2021-08-19</td>\n",
       "      <td>$146.7</td>\n",
       "      <td>86960310</td>\n",
       "      <td>$145.03</td>\n",
       "      <td>$148</td>\n",
       "      <td>$144.5</td>\n",
       "    </tr>\n",
       "    <tr>\n",
       "      <th>15</th>\n",
       "      <td>2021-08-18</td>\n",
       "      <td>$146.36</td>\n",
       "      <td>86325990</td>\n",
       "      <td>$149.8</td>\n",
       "      <td>$150.72</td>\n",
       "      <td>$146.15</td>\n",
       "    </tr>\n",
       "    <tr>\n",
       "      <th>16</th>\n",
       "      <td>2021-08-17</td>\n",
       "      <td>$150.19</td>\n",
       "      <td>92229740</td>\n",
       "      <td>$150.23</td>\n",
       "      <td>$151.68</td>\n",
       "      <td>$149.09</td>\n",
       "    </tr>\n",
       "    <tr>\n",
       "      <th>17</th>\n",
       "      <td>2021-08-16</td>\n",
       "      <td>$151.12</td>\n",
       "      <td>103558800</td>\n",
       "      <td>$148.535</td>\n",
       "      <td>$151.19</td>\n",
       "      <td>$146.47</td>\n",
       "    </tr>\n",
       "    <tr>\n",
       "      <th>18</th>\n",
       "      <td>2021-08-13</td>\n",
       "      <td>$149.1</td>\n",
       "      <td>59375010</td>\n",
       "      <td>$148.97</td>\n",
       "      <td>$149.4444</td>\n",
       "      <td>$148.27</td>\n",
       "    </tr>\n",
       "    <tr>\n",
       "      <th>19</th>\n",
       "      <td>2021-08-12</td>\n",
       "      <td>$148.89</td>\n",
       "      <td>73779110</td>\n",
       "      <td>$146.19</td>\n",
       "      <td>$149.05</td>\n",
       "      <td>$145.84</td>\n",
       "    </tr>\n",
       "    <tr>\n",
       "      <th>20</th>\n",
       "      <td>2021-08-11</td>\n",
       "      <td>$145.86</td>\n",
       "      <td>48493460</td>\n",
       "      <td>$146.05</td>\n",
       "      <td>$146.72</td>\n",
       "      <td>$145.53</td>\n",
       "    </tr>\n",
       "    <tr>\n",
       "      <th>21</th>\n",
       "      <td>2021-08-10</td>\n",
       "      <td>$145.6</td>\n",
       "      <td>69023080</td>\n",
       "      <td>$146.44</td>\n",
       "      <td>$147.71</td>\n",
       "      <td>$145.3</td>\n",
       "    </tr>\n",
       "  </tbody>\n",
       "</table>\n",
       "</div>"
      ],
      "text/plain": [
       "         Date Close/Last     Volume      Open       High       Low\n",
       "0  2021-09-09    $154.07   57305730   $155.49    $156.11   $153.95\n",
       "1  2021-09-08    $155.11   74420210   $156.98    $157.04  $153.975\n",
       "2  2021-09-07    $156.69   82278260   $154.97    $157.26   $154.39\n",
       "3  2021-09-03     $154.3   57866070   $153.76    $154.63   $153.09\n",
       "4  2021-09-02    $153.65   71171320   $153.87    $154.72    $152.4\n",
       "5  2021-09-01    $152.51   80313710   $152.83    $154.98   $152.34\n",
       "6  2021-08-31    $151.83   86453120   $152.66     $152.8   $151.29\n",
       "7  2021-08-30    $153.12   90956720      $149    $153.49   $148.61\n",
       "8  2021-08-27     $148.6   55802390   $147.48    $148.75   $146.83\n",
       "9  2021-08-26    $147.54   48597200   $148.35    $149.12   $147.51\n",
       "10 2021-08-25    $148.36   58991300   $149.81    $150.32    $147.8\n",
       "11 2021-08-24    $149.62   48606430   $149.45    $150.86   $149.15\n",
       "12 2021-08-23    $149.71   60131810   $148.31    $150.19   $147.89\n",
       "13 2021-08-20    $148.19   60549630   $147.44     $148.5   $146.78\n",
       "14 2021-08-19     $146.7   86960310   $145.03       $148    $144.5\n",
       "15 2021-08-18    $146.36   86325990    $149.8    $150.72   $146.15\n",
       "16 2021-08-17    $150.19   92229740   $150.23    $151.68   $149.09\n",
       "17 2021-08-16    $151.12  103558800  $148.535    $151.19   $146.47\n",
       "18 2021-08-13     $149.1   59375010   $148.97  $149.4444   $148.27\n",
       "19 2021-08-12    $148.89   73779110   $146.19    $149.05   $145.84\n",
       "20 2021-08-11    $145.86   48493460   $146.05    $146.72   $145.53\n",
       "21 2021-08-10     $145.6   69023080   $146.44    $147.71    $145.3"
      ]
     },
     "execution_count": 3,
     "metadata": {},
     "output_type": "execute_result"
    }
   ],
   "source": [
    "df = pd.read_csv(\"data.csv\",parse_dates=[\"Date\"])\n",
    "df"
   ]
  },
  {
   "cell_type": "code",
   "execution_count": 4,
   "id": "086c7eb0",
   "metadata": {},
   "outputs": [
    {
     "data": {
      "text/plain": [
       "Date          datetime64[ns]\n",
       "Close/Last            object\n",
       "Volume                 int64\n",
       "Open                  object\n",
       "High                  object\n",
       "Low                   object\n",
       "dtype: object"
      ]
     },
     "execution_count": 4,
     "metadata": {},
     "output_type": "execute_result"
    }
   ],
   "source": [
    "df.dtypes"
   ]
  },
  {
   "cell_type": "code",
   "execution_count": 5,
   "id": "f2fa34f5",
   "metadata": {},
   "outputs": [
    {
     "data": {
      "text/html": [
       "<div>\n",
       "<style scoped>\n",
       "    .dataframe tbody tr th:only-of-type {\n",
       "        vertical-align: middle;\n",
       "    }\n",
       "\n",
       "    .dataframe tbody tr th {\n",
       "        vertical-align: top;\n",
       "    }\n",
       "\n",
       "    .dataframe thead th {\n",
       "        text-align: right;\n",
       "    }\n",
       "</style>\n",
       "<table border=\"1\" class=\"dataframe\">\n",
       "  <thead>\n",
       "    <tr style=\"text-align: right;\">\n",
       "      <th></th>\n",
       "      <th>Close/Last</th>\n",
       "      <th>Volume</th>\n",
       "      <th>Open</th>\n",
       "      <th>High</th>\n",
       "      <th>Low</th>\n",
       "    </tr>\n",
       "    <tr>\n",
       "      <th>Date</th>\n",
       "      <th></th>\n",
       "      <th></th>\n",
       "      <th></th>\n",
       "      <th></th>\n",
       "      <th></th>\n",
       "    </tr>\n",
       "  </thead>\n",
       "  <tbody>\n",
       "    <tr>\n",
       "      <th>2021-09-09</th>\n",
       "      <td>$154.07</td>\n",
       "      <td>57305730</td>\n",
       "      <td>$155.49</td>\n",
       "      <td>$156.11</td>\n",
       "      <td>$153.95</td>\n",
       "    </tr>\n",
       "    <tr>\n",
       "      <th>2021-09-08</th>\n",
       "      <td>$155.11</td>\n",
       "      <td>74420210</td>\n",
       "      <td>$156.98</td>\n",
       "      <td>$157.04</td>\n",
       "      <td>$153.975</td>\n",
       "    </tr>\n",
       "    <tr>\n",
       "      <th>2021-09-07</th>\n",
       "      <td>$156.69</td>\n",
       "      <td>82278260</td>\n",
       "      <td>$154.97</td>\n",
       "      <td>$157.26</td>\n",
       "      <td>$154.39</td>\n",
       "    </tr>\n",
       "    <tr>\n",
       "      <th>2021-09-03</th>\n",
       "      <td>$154.3</td>\n",
       "      <td>57866070</td>\n",
       "      <td>$153.76</td>\n",
       "      <td>$154.63</td>\n",
       "      <td>$153.09</td>\n",
       "    </tr>\n",
       "    <tr>\n",
       "      <th>2021-09-02</th>\n",
       "      <td>$153.65</td>\n",
       "      <td>71171320</td>\n",
       "      <td>$153.87</td>\n",
       "      <td>$154.72</td>\n",
       "      <td>$152.4</td>\n",
       "    </tr>\n",
       "    <tr>\n",
       "      <th>2021-09-01</th>\n",
       "      <td>$152.51</td>\n",
       "      <td>80313710</td>\n",
       "      <td>$152.83</td>\n",
       "      <td>$154.98</td>\n",
       "      <td>$152.34</td>\n",
       "    </tr>\n",
       "    <tr>\n",
       "      <th>2021-08-31</th>\n",
       "      <td>$151.83</td>\n",
       "      <td>86453120</td>\n",
       "      <td>$152.66</td>\n",
       "      <td>$152.8</td>\n",
       "      <td>$151.29</td>\n",
       "    </tr>\n",
       "    <tr>\n",
       "      <th>2021-08-30</th>\n",
       "      <td>$153.12</td>\n",
       "      <td>90956720</td>\n",
       "      <td>$149</td>\n",
       "      <td>$153.49</td>\n",
       "      <td>$148.61</td>\n",
       "    </tr>\n",
       "    <tr>\n",
       "      <th>2021-08-27</th>\n",
       "      <td>$148.6</td>\n",
       "      <td>55802390</td>\n",
       "      <td>$147.48</td>\n",
       "      <td>$148.75</td>\n",
       "      <td>$146.83</td>\n",
       "    </tr>\n",
       "    <tr>\n",
       "      <th>2021-08-26</th>\n",
       "      <td>$147.54</td>\n",
       "      <td>48597200</td>\n",
       "      <td>$148.35</td>\n",
       "      <td>$149.12</td>\n",
       "      <td>$147.51</td>\n",
       "    </tr>\n",
       "    <tr>\n",
       "      <th>2021-08-25</th>\n",
       "      <td>$148.36</td>\n",
       "      <td>58991300</td>\n",
       "      <td>$149.81</td>\n",
       "      <td>$150.32</td>\n",
       "      <td>$147.8</td>\n",
       "    </tr>\n",
       "    <tr>\n",
       "      <th>2021-08-24</th>\n",
       "      <td>$149.62</td>\n",
       "      <td>48606430</td>\n",
       "      <td>$149.45</td>\n",
       "      <td>$150.86</td>\n",
       "      <td>$149.15</td>\n",
       "    </tr>\n",
       "    <tr>\n",
       "      <th>2021-08-23</th>\n",
       "      <td>$149.71</td>\n",
       "      <td>60131810</td>\n",
       "      <td>$148.31</td>\n",
       "      <td>$150.19</td>\n",
       "      <td>$147.89</td>\n",
       "    </tr>\n",
       "    <tr>\n",
       "      <th>2021-08-20</th>\n",
       "      <td>$148.19</td>\n",
       "      <td>60549630</td>\n",
       "      <td>$147.44</td>\n",
       "      <td>$148.5</td>\n",
       "      <td>$146.78</td>\n",
       "    </tr>\n",
       "    <tr>\n",
       "      <th>2021-08-19</th>\n",
       "      <td>$146.7</td>\n",
       "      <td>86960310</td>\n",
       "      <td>$145.03</td>\n",
       "      <td>$148</td>\n",
       "      <td>$144.5</td>\n",
       "    </tr>\n",
       "    <tr>\n",
       "      <th>2021-08-18</th>\n",
       "      <td>$146.36</td>\n",
       "      <td>86325990</td>\n",
       "      <td>$149.8</td>\n",
       "      <td>$150.72</td>\n",
       "      <td>$146.15</td>\n",
       "    </tr>\n",
       "    <tr>\n",
       "      <th>2021-08-17</th>\n",
       "      <td>$150.19</td>\n",
       "      <td>92229740</td>\n",
       "      <td>$150.23</td>\n",
       "      <td>$151.68</td>\n",
       "      <td>$149.09</td>\n",
       "    </tr>\n",
       "    <tr>\n",
       "      <th>2021-08-16</th>\n",
       "      <td>$151.12</td>\n",
       "      <td>103558800</td>\n",
       "      <td>$148.535</td>\n",
       "      <td>$151.19</td>\n",
       "      <td>$146.47</td>\n",
       "    </tr>\n",
       "    <tr>\n",
       "      <th>2021-08-13</th>\n",
       "      <td>$149.1</td>\n",
       "      <td>59375010</td>\n",
       "      <td>$148.97</td>\n",
       "      <td>$149.4444</td>\n",
       "      <td>$148.27</td>\n",
       "    </tr>\n",
       "    <tr>\n",
       "      <th>2021-08-12</th>\n",
       "      <td>$148.89</td>\n",
       "      <td>73779110</td>\n",
       "      <td>$146.19</td>\n",
       "      <td>$149.05</td>\n",
       "      <td>$145.84</td>\n",
       "    </tr>\n",
       "    <tr>\n",
       "      <th>2021-08-11</th>\n",
       "      <td>$145.86</td>\n",
       "      <td>48493460</td>\n",
       "      <td>$146.05</td>\n",
       "      <td>$146.72</td>\n",
       "      <td>$145.53</td>\n",
       "    </tr>\n",
       "    <tr>\n",
       "      <th>2021-08-10</th>\n",
       "      <td>$145.6</td>\n",
       "      <td>69023080</td>\n",
       "      <td>$146.44</td>\n",
       "      <td>$147.71</td>\n",
       "      <td>$145.3</td>\n",
       "    </tr>\n",
       "  </tbody>\n",
       "</table>\n",
       "</div>"
      ],
      "text/plain": [
       "           Close/Last     Volume      Open       High       Low\n",
       "Date                                                           \n",
       "2021-09-09    $154.07   57305730   $155.49    $156.11   $153.95\n",
       "2021-09-08    $155.11   74420210   $156.98    $157.04  $153.975\n",
       "2021-09-07    $156.69   82278260   $154.97    $157.26   $154.39\n",
       "2021-09-03     $154.3   57866070   $153.76    $154.63   $153.09\n",
       "2021-09-02    $153.65   71171320   $153.87    $154.72    $152.4\n",
       "2021-09-01    $152.51   80313710   $152.83    $154.98   $152.34\n",
       "2021-08-31    $151.83   86453120   $152.66     $152.8   $151.29\n",
       "2021-08-30    $153.12   90956720      $149    $153.49   $148.61\n",
       "2021-08-27     $148.6   55802390   $147.48    $148.75   $146.83\n",
       "2021-08-26    $147.54   48597200   $148.35    $149.12   $147.51\n",
       "2021-08-25    $148.36   58991300   $149.81    $150.32    $147.8\n",
       "2021-08-24    $149.62   48606430   $149.45    $150.86   $149.15\n",
       "2021-08-23    $149.71   60131810   $148.31    $150.19   $147.89\n",
       "2021-08-20    $148.19   60549630   $147.44     $148.5   $146.78\n",
       "2021-08-19     $146.7   86960310   $145.03       $148    $144.5\n",
       "2021-08-18    $146.36   86325990    $149.8    $150.72   $146.15\n",
       "2021-08-17    $150.19   92229740   $150.23    $151.68   $149.09\n",
       "2021-08-16    $151.12  103558800  $148.535    $151.19   $146.47\n",
       "2021-08-13     $149.1   59375010   $148.97  $149.4444   $148.27\n",
       "2021-08-12    $148.89   73779110   $146.19    $149.05   $145.84\n",
       "2021-08-11    $145.86   48493460   $146.05    $146.72   $145.53\n",
       "2021-08-10     $145.6   69023080   $146.44    $147.71    $145.3"
      ]
     },
     "execution_count": 5,
     "metadata": {},
     "output_type": "execute_result"
    }
   ],
   "source": [
    "df = pd.read_csv(\"data.csv\",parse_dates=[\"Date\"],index_col=\"Date\")\n",
    "df"
   ]
  },
  {
   "cell_type": "code",
   "execution_count": 6,
   "id": "1266ef6c",
   "metadata": {},
   "outputs": [],
   "source": [
    "df.rename(columns={\n",
    "    \"Close/Last\" :\"Close\"\n",
    "},inplace=True)"
   ]
  },
  {
   "cell_type": "code",
   "execution_count": 7,
   "id": "24b81f59",
   "metadata": {},
   "outputs": [
    {
     "data": {
      "text/plain": [
       "DatetimeIndex(['2021-09-09', '2021-09-08', '2021-09-07', '2021-09-03',\n",
       "               '2021-09-02', '2021-09-01', '2021-08-31', '2021-08-30',\n",
       "               '2021-08-27', '2021-08-26', '2021-08-25', '2021-08-24',\n",
       "               '2021-08-23', '2021-08-20', '2021-08-19', '2021-08-18',\n",
       "               '2021-08-17', '2021-08-16', '2021-08-13', '2021-08-12',\n",
       "               '2021-08-11', '2021-08-10'],\n",
       "              dtype='datetime64[ns]', name='Date', freq=None)"
      ]
     },
     "execution_count": 7,
     "metadata": {},
     "output_type": "execute_result"
    }
   ],
   "source": [
    "df.index"
   ]
  },
  {
   "cell_type": "code",
   "execution_count": 8,
   "id": "c6367350",
   "metadata": {},
   "outputs": [
    {
     "name": "stderr",
     "output_type": "stream",
     "text": [
      "/tmp/ipykernel_92030/2258506150.py:1: FutureWarning: Indexing a DataFrame with a datetimelike index using a single string to slice the rows, like `frame[string]`, is deprecated and will be removed in a future version. Use `frame.loc[string]` instead.\n",
      "  df[\"2021-09\"]\n"
     ]
    },
    {
     "data": {
      "text/html": [
       "<div>\n",
       "<style scoped>\n",
       "    .dataframe tbody tr th:only-of-type {\n",
       "        vertical-align: middle;\n",
       "    }\n",
       "\n",
       "    .dataframe tbody tr th {\n",
       "        vertical-align: top;\n",
       "    }\n",
       "\n",
       "    .dataframe thead th {\n",
       "        text-align: right;\n",
       "    }\n",
       "</style>\n",
       "<table border=\"1\" class=\"dataframe\">\n",
       "  <thead>\n",
       "    <tr style=\"text-align: right;\">\n",
       "      <th></th>\n",
       "      <th>Close</th>\n",
       "      <th>Volume</th>\n",
       "      <th>Open</th>\n",
       "      <th>High</th>\n",
       "      <th>Low</th>\n",
       "    </tr>\n",
       "    <tr>\n",
       "      <th>Date</th>\n",
       "      <th></th>\n",
       "      <th></th>\n",
       "      <th></th>\n",
       "      <th></th>\n",
       "      <th></th>\n",
       "    </tr>\n",
       "  </thead>\n",
       "  <tbody>\n",
       "    <tr>\n",
       "      <th>2021-09-09</th>\n",
       "      <td>$154.07</td>\n",
       "      <td>57305730</td>\n",
       "      <td>$155.49</td>\n",
       "      <td>$156.11</td>\n",
       "      <td>$153.95</td>\n",
       "    </tr>\n",
       "    <tr>\n",
       "      <th>2021-09-08</th>\n",
       "      <td>$155.11</td>\n",
       "      <td>74420210</td>\n",
       "      <td>$156.98</td>\n",
       "      <td>$157.04</td>\n",
       "      <td>$153.975</td>\n",
       "    </tr>\n",
       "    <tr>\n",
       "      <th>2021-09-07</th>\n",
       "      <td>$156.69</td>\n",
       "      <td>82278260</td>\n",
       "      <td>$154.97</td>\n",
       "      <td>$157.26</td>\n",
       "      <td>$154.39</td>\n",
       "    </tr>\n",
       "    <tr>\n",
       "      <th>2021-09-03</th>\n",
       "      <td>$154.3</td>\n",
       "      <td>57866070</td>\n",
       "      <td>$153.76</td>\n",
       "      <td>$154.63</td>\n",
       "      <td>$153.09</td>\n",
       "    </tr>\n",
       "    <tr>\n",
       "      <th>2021-09-02</th>\n",
       "      <td>$153.65</td>\n",
       "      <td>71171320</td>\n",
       "      <td>$153.87</td>\n",
       "      <td>$154.72</td>\n",
       "      <td>$152.4</td>\n",
       "    </tr>\n",
       "    <tr>\n",
       "      <th>2021-09-01</th>\n",
       "      <td>$152.51</td>\n",
       "      <td>80313710</td>\n",
       "      <td>$152.83</td>\n",
       "      <td>$154.98</td>\n",
       "      <td>$152.34</td>\n",
       "    </tr>\n",
       "  </tbody>\n",
       "</table>\n",
       "</div>"
      ],
      "text/plain": [
       "              Close    Volume     Open     High       Low\n",
       "Date                                                     \n",
       "2021-09-09  $154.07  57305730  $155.49  $156.11   $153.95\n",
       "2021-09-08  $155.11  74420210  $156.98  $157.04  $153.975\n",
       "2021-09-07  $156.69  82278260  $154.97  $157.26   $154.39\n",
       "2021-09-03   $154.3  57866070  $153.76  $154.63   $153.09\n",
       "2021-09-02  $153.65  71171320  $153.87  $154.72    $152.4\n",
       "2021-09-01  $152.51  80313710  $152.83  $154.98   $152.34"
      ]
     },
     "execution_count": 8,
     "metadata": {},
     "output_type": "execute_result"
    }
   ],
   "source": [
    "df[\"2021-09\"]"
   ]
  },
  {
   "cell_type": "code",
   "execution_count": 9,
   "id": "ef87fb06",
   "metadata": {},
   "outputs": [
    {
     "name": "stderr",
     "output_type": "stream",
     "text": [
      "/tmp/ipykernel_92030/2272560262.py:1: FutureWarning: Indexing a DataFrame with a datetimelike index using a single string to slice the rows, like `frame[string]`, is deprecated and will be removed in a future version. Use `frame.loc[string]` instead.\n",
      "  df[\"2021\"]\n"
     ]
    },
    {
     "data": {
      "text/html": [
       "<div>\n",
       "<style scoped>\n",
       "    .dataframe tbody tr th:only-of-type {\n",
       "        vertical-align: middle;\n",
       "    }\n",
       "\n",
       "    .dataframe tbody tr th {\n",
       "        vertical-align: top;\n",
       "    }\n",
       "\n",
       "    .dataframe thead th {\n",
       "        text-align: right;\n",
       "    }\n",
       "</style>\n",
       "<table border=\"1\" class=\"dataframe\">\n",
       "  <thead>\n",
       "    <tr style=\"text-align: right;\">\n",
       "      <th></th>\n",
       "      <th>Close</th>\n",
       "      <th>Volume</th>\n",
       "      <th>Open</th>\n",
       "      <th>High</th>\n",
       "      <th>Low</th>\n",
       "    </tr>\n",
       "    <tr>\n",
       "      <th>Date</th>\n",
       "      <th></th>\n",
       "      <th></th>\n",
       "      <th></th>\n",
       "      <th></th>\n",
       "      <th></th>\n",
       "    </tr>\n",
       "  </thead>\n",
       "  <tbody>\n",
       "    <tr>\n",
       "      <th>2021-09-09</th>\n",
       "      <td>$154.07</td>\n",
       "      <td>57305730</td>\n",
       "      <td>$155.49</td>\n",
       "      <td>$156.11</td>\n",
       "      <td>$153.95</td>\n",
       "    </tr>\n",
       "    <tr>\n",
       "      <th>2021-09-08</th>\n",
       "      <td>$155.11</td>\n",
       "      <td>74420210</td>\n",
       "      <td>$156.98</td>\n",
       "      <td>$157.04</td>\n",
       "      <td>$153.975</td>\n",
       "    </tr>\n",
       "    <tr>\n",
       "      <th>2021-09-07</th>\n",
       "      <td>$156.69</td>\n",
       "      <td>82278260</td>\n",
       "      <td>$154.97</td>\n",
       "      <td>$157.26</td>\n",
       "      <td>$154.39</td>\n",
       "    </tr>\n",
       "    <tr>\n",
       "      <th>2021-09-03</th>\n",
       "      <td>$154.3</td>\n",
       "      <td>57866070</td>\n",
       "      <td>$153.76</td>\n",
       "      <td>$154.63</td>\n",
       "      <td>$153.09</td>\n",
       "    </tr>\n",
       "    <tr>\n",
       "      <th>2021-09-02</th>\n",
       "      <td>$153.65</td>\n",
       "      <td>71171320</td>\n",
       "      <td>$153.87</td>\n",
       "      <td>$154.72</td>\n",
       "      <td>$152.4</td>\n",
       "    </tr>\n",
       "    <tr>\n",
       "      <th>2021-09-01</th>\n",
       "      <td>$152.51</td>\n",
       "      <td>80313710</td>\n",
       "      <td>$152.83</td>\n",
       "      <td>$154.98</td>\n",
       "      <td>$152.34</td>\n",
       "    </tr>\n",
       "    <tr>\n",
       "      <th>2021-08-31</th>\n",
       "      <td>$151.83</td>\n",
       "      <td>86453120</td>\n",
       "      <td>$152.66</td>\n",
       "      <td>$152.8</td>\n",
       "      <td>$151.29</td>\n",
       "    </tr>\n",
       "    <tr>\n",
       "      <th>2021-08-30</th>\n",
       "      <td>$153.12</td>\n",
       "      <td>90956720</td>\n",
       "      <td>$149</td>\n",
       "      <td>$153.49</td>\n",
       "      <td>$148.61</td>\n",
       "    </tr>\n",
       "    <tr>\n",
       "      <th>2021-08-27</th>\n",
       "      <td>$148.6</td>\n",
       "      <td>55802390</td>\n",
       "      <td>$147.48</td>\n",
       "      <td>$148.75</td>\n",
       "      <td>$146.83</td>\n",
       "    </tr>\n",
       "    <tr>\n",
       "      <th>2021-08-26</th>\n",
       "      <td>$147.54</td>\n",
       "      <td>48597200</td>\n",
       "      <td>$148.35</td>\n",
       "      <td>$149.12</td>\n",
       "      <td>$147.51</td>\n",
       "    </tr>\n",
       "    <tr>\n",
       "      <th>2021-08-25</th>\n",
       "      <td>$148.36</td>\n",
       "      <td>58991300</td>\n",
       "      <td>$149.81</td>\n",
       "      <td>$150.32</td>\n",
       "      <td>$147.8</td>\n",
       "    </tr>\n",
       "    <tr>\n",
       "      <th>2021-08-24</th>\n",
       "      <td>$149.62</td>\n",
       "      <td>48606430</td>\n",
       "      <td>$149.45</td>\n",
       "      <td>$150.86</td>\n",
       "      <td>$149.15</td>\n",
       "    </tr>\n",
       "    <tr>\n",
       "      <th>2021-08-23</th>\n",
       "      <td>$149.71</td>\n",
       "      <td>60131810</td>\n",
       "      <td>$148.31</td>\n",
       "      <td>$150.19</td>\n",
       "      <td>$147.89</td>\n",
       "    </tr>\n",
       "    <tr>\n",
       "      <th>2021-08-20</th>\n",
       "      <td>$148.19</td>\n",
       "      <td>60549630</td>\n",
       "      <td>$147.44</td>\n",
       "      <td>$148.5</td>\n",
       "      <td>$146.78</td>\n",
       "    </tr>\n",
       "    <tr>\n",
       "      <th>2021-08-19</th>\n",
       "      <td>$146.7</td>\n",
       "      <td>86960310</td>\n",
       "      <td>$145.03</td>\n",
       "      <td>$148</td>\n",
       "      <td>$144.5</td>\n",
       "    </tr>\n",
       "    <tr>\n",
       "      <th>2021-08-18</th>\n",
       "      <td>$146.36</td>\n",
       "      <td>86325990</td>\n",
       "      <td>$149.8</td>\n",
       "      <td>$150.72</td>\n",
       "      <td>$146.15</td>\n",
       "    </tr>\n",
       "    <tr>\n",
       "      <th>2021-08-17</th>\n",
       "      <td>$150.19</td>\n",
       "      <td>92229740</td>\n",
       "      <td>$150.23</td>\n",
       "      <td>$151.68</td>\n",
       "      <td>$149.09</td>\n",
       "    </tr>\n",
       "    <tr>\n",
